00006  7891  654.32
00007  5679  321.45
00007  8762  987.65
00008  2347  543.21
00009  5433  210.98
00009  8763  765.43
00010  3458  654.32
00011  8764  987.65
00012  2348  543.21
00013  3459  210.98
00014  8766  765.43
00015  1235  876.54
00015  2349  234.56
00016  5434  567.89
00017  8767  345.67
00018  7892  789.12
00018  1236  456.78
00019  2350  654.32
00020  5680  321.45
00021  8768  987.65
00021  2351  543.21
00022  3460  210.98
00022  8769  765.43
00023  5435  8760.54
00023  1237  234.56
00024  2352  567.89
00025  3461  345.67
00026  7893  789.12
00027  5681  456.78
00027  8770  654.32
00028  2353  321.45
00029  5436  987.65
00093  5449  234.56
00094  8797  567.89
00095  3475  345.67
00096  7900  789.12
00097  5688  456.78
00098  8798  654.32
00099  2367  321.45
00100  5450  987.65
00100  9870  500.96
ZZZZZ  0000  000000