0345 12.50 08 15000
1023  5.75 12  8000
2301  9.00 08 12000
0876 15.30 25 20000
3098  7.40 12 10000
1100 11.00 08 18000
4590  6.25 30  7500
2222  4.90 01  6000
3333 13.70 25 17000
1407  8.10 01  9500
3900  3.80 14  5000
8712 10.45 05 14000
6541  7.25 21  9600
7788  6.60 14  8900
4455 12.30 08 15000
1209  5.50 12  8200
2145  8.75 03 10200
3421 11.10 18 13400
9999  9.95 03 11100
8700 13.25 21 16700
1122  4.70 07  7200
5634  6.30 01  7800
3400 14.60 28 19200
3021  9.90 16 11300
7602 10.00 28 13000
6500  7.75 22  9700
8030 12.80 05 14900
4870  5.60 03  8600
2930 13.10 18 15500
3981  6.95 05  9200